00000000000000000000000000000000
00011111010000000000001010010011
00000000010100000000001100010011
00000000011000101010000000100011
00000000001100000000001100010011
00000000011000101010001000100011
00000000011000000000001100010011
00000000011000101010010000100011
00000000011100000000001100010011
00000000011000101010011000100011
00000001111100000000001100010011
00000000011000101010100000100011
00000001011100000000001100010011
00000000011000101010101000100011
00000010101100000000001100010011
00000000011000101010110000100011
00000000110000000000001100010011
00000000011000101010111000100011
00000010110100000000001100010011
00000010011000101010000000100011
00000000000100000000001100010011
00000010011000101010001000100011
00000000110000000000000011101111
00000000101000000000010100010011
00000000000000000000000001110011
11111111100000010000000100010011
00000000000100010010000000100011
00000000000000000000001010010011
00000000101000000000001110010011
00000100011100101101000001100011
11111111111100101000001100010011
00000010000000110100100001100011
00011111010000000000111000010011
00000000001000110001111110010011
00000001111111100000111000110011
00000000000011100010111010000011
00000000010011100010111100000011
00000001110111110101110001100011
00011111010000000000010100010011
00000000000000110000010110010011
00000010000000000000000011101111
11111111111100110000001100010011
11111101010111111111000001101111
00000000000100101000001010010011
11111100010111111111000001101111
00000000000000010010000010000011
00000000100000010000000100010011
00000000000000001000000001100111
11111110100000010000000100010011
00000000010100010010000000100011
00000000011000010010010000100011
00000000011100010010100000100011
00000000001001011001010110010011
00000000101101010000001100110011
00000000000000110010001010000011
00000000010000110010001110000011
00000000011100110010000000100011
00000000010100110010001000100011
00000000000000010010001010000011
00000000100000010010001100000011
00000001000000010010001110000011
00000001100000010000000100010011
00000000000000001000000001100111
00000000000000000000000000000000
